[bio]
2023 Newberg Quakers
Record: 3-1-2 (Finished 1st in PL)
Captain: Daniel Jones

[players]


[games/schedule]
//here we'll have some sort of list of hyperlinks or something where you can redirect to individual game pages

[stats]
Player            #	g	 pa  ab  at os	h	1s	2s	3s	4s	hr	ws	bi		ss	s1	s2	s3	s4	s5	r	o	z	k	f	t	p	osp	avg	slg		po	f	t	p	pi	a
Daniel Beals     95	6  22  21  11	17	7	6	1	0	0	0	3.290909091	0		15	10	2	2	1	0	6	5	1	0	2	2	0	0.810	0.636	0.299		0	0	0	0	0	1
Samuel Berkebile  7	6  20  20  13	14	8	6	2	0	0	0	4.290909091	0		13	6	5	1	1	0	5	7	3	1	1	2	0	0.700	0.615	0.330		1	0	0	1	0	1
Jeremy Burke     27	3  10  10   9	4	3	3	0	0	0	0	1.145454545	1		2	0	2	0	0	0	0	7	4	0	2	1	0	0.400	0.333	0.127		0	0	0	0	0	1
Sean Burke       24	3   9   9   4	8	3	3	0	0	0	0	1.145454545	0		7	5	1	0	0	1	2	2	1	0	0	0	1	0.889	0.750	0.286		3	2	1	0	0	0
Jack Chandler     2	6  23  22  20	17	15	3	7	5	0	0	18.14545455	20		4	2	0	1	1	0	5	6	3	0	2	1	0	0.773	0.750	0.907		9	8	1	0	0	1
Chuck Jones       1	6  21  21  18	15	12	6	4	1	1	0	11.29090909	8		9	2	3	2	1	1	6	6	3	0	3	0	0	0.714	0.667	0.627		3	3	0	0	0	1
Daniel Jones     22	6  22  22  21	16	15	5	9	1	0	0	12.90909091	11		5	1	1	3	0	0	8	7	2	0	4	0	1	0.727	0.714	0.615		7	2	3	2	0	3
Nick Palmer         2   9   8   8	4	4	2	1	1	0	0	3.763636364	0		1	0	1	0	0	0	1	4	1	0	2	1	0	0.500	0.500	0.470		3	0	1	2	0	0
Tristan Rickert  44	6  21  21  15	14	8	6	1	1	0	0	5.290909091	1		10	3	3	2	1	1	5	7	5	1	1	0	0	0.667	0.533	0.353		6	1	4	1	0	0
Tim Stouffer     11	6  21  21  19	11	10	5	5	0	0	0	6.909090909	5		8	1	2	5	0	0	2	13	5	0	4	2	2	0.524	0.526	0.364		1	1	0	0	1	1
Luke Thompson    77	4  11  11   7	8	4	4	0	0	0	0	1.527272727	0		9	4	4	0	0	1	7	3	2	0	0	0	1	0.727	0.571	0.218		0	0	0	0	0	0
Andrew Veeman     5	6  19  19  15	14	10	9	1	0	0	0	4.436363636	0		6	2	3	0	1	0	3	7	2	1	1	1	2	0.737	0.667	0.296		1	0	1	0	0	1
Olivia Veeman    15	6  19  19  12	13	7	7	0	0	0	0	2.672727273	0		11	5	6	0	0	0	4	8	4	1	0	3	0	0.684	0.583	0.223		2	2	0	0	0	1
        total       6 227 224 172	155	106	65	31	9	1	0	76.81818182	46		100	41	33	16	6	4	54	82	36	4	22	13	7	0.692	0.616	0.447		36	19	11	6	1	11
